#           k/h    P           
   0.100000E-03   0.465144E+03
   0.102020E-03   0.474203E+03
   0.104081E-03   0.483438E+03
   0.106184E-03   0.492853E+03
   0.108329E-03   0.502452E+03
   0.110517E-03   0.512236E+03
   0.112750E-03   0.522211E+03
   0.115027E-03   0.532381E+03
   0.117351E-03   0.542747E+03
   0.119722E-03   0.553316E+03
   0.122140E-03   0.564089E+03
   0.124608E-03   0.575073E+03
   0.127125E-03   0.586269E+03
   0.129693E-03   0.597683E+03
   0.132313E-03   0.609319E+03
   0.134986E-03   0.621181E+03
   0.137713E-03   0.633274E+03
   0.140495E-03   0.645601E+03
   0.143333E-03   0.658168E+03
   0.146228E-03   0.670979E+03
   0.149182E-03   0.684038E+03
   0.152196E-03   0.697351E+03
   0.155271E-03   0.710922E+03
   0.158407E-03   0.724757E+03
   0.161607E-03   0.738860E+03
   0.164872E-03   0.753237E+03
   0.168203E-03   0.767893E+03
   0.171601E-03   0.782833E+03
   0.175067E-03   0.798062E+03
   0.178604E-03   0.813587E+03
   0.182212E-03   0.829413E+03
   0.185893E-03   0.845545E+03
   0.189648E-03   0.861990E+03
   0.193479E-03   0.878754E+03
   0.197388E-03   0.895842E+03
   0.201375E-03   0.913260E+03
   0.205443E-03   0.931016E+03
   0.209594E-03   0.949116E+03
   0.213828E-03   0.967565E+03
   0.218147E-03   0.986372E+03
   0.222554E-03   0.100554E+04
   0.227050E-03   0.102508E+04
   0.231637E-03   0.104500E+04
   0.236316E-03   0.106530E+04
   0.241090E-03   0.108600E+04
   0.245960E-03   0.110709E+04
   0.250929E-03   0.112859E+04
   0.255998E-03   0.115051E+04
   0.261170E-03   0.117284E+04
   0.266446E-03   0.119561E+04
   0.271828E-03   0.121882E+04
   0.277319E-03   0.124247E+04
   0.282922E-03   0.126658E+04
   0.288637E-03   0.129115E+04
   0.294468E-03   0.131620E+04
   0.300417E-03   0.134172E+04
   0.306485E-03   0.136774E+04
   0.312677E-03   0.139426E+04
   0.318993E-03   0.142128E+04
   0.325437E-03   0.144882E+04
   0.332012E-03   0.147689E+04
   0.338719E-03   0.150550E+04
   0.345561E-03   0.153465E+04
   0.352542E-03   0.156436E+04
   0.359664E-03   0.159464E+04
   0.366930E-03   0.162550E+04
   0.374342E-03   0.165695E+04
   0.381904E-03   0.168899E+04
   0.389619E-03   0.172165E+04
   0.397490E-03   0.175493E+04
   0.405520E-03   0.178884E+04
   0.413712E-03   0.182340E+04
   0.422070E-03   0.185861E+04
   0.430596E-03   0.189449E+04
   0.439295E-03   0.193105E+04
   0.448169E-03   0.196830E+04
   0.457222E-03   0.200625E+04
   0.466459E-03   0.204493E+04
   0.475882E-03   0.208433E+04
   0.485496E-03   0.212448E+04
   0.495303E-03   0.216538E+04
   0.505309E-03   0.220705E+04
   0.515517E-03   0.224950E+04
   0.525931E-03   0.229275E+04
   0.536556E-03   0.233681E+04
   0.547395E-03   0.238170E+04
   0.558453E-03   0.242742E+04
   0.569734E-03   0.247400E+04
   0.581244E-03   0.252144E+04
   0.592986E-03   0.256977E+04
   0.604965E-03   0.261900E+04
   0.617186E-03   0.266914E+04
   0.629654E-03   0.272021E+04
   0.642374E-03   0.277222E+04
   0.655350E-03   0.282520E+04
   0.668589E-03   0.287915E+04
   0.682096E-03   0.293409E+04
   0.695875E-03   0.299005E+04
   0.709933E-03   0.304703E+04
   0.724274E-03   0.310505E+04
   0.738906E-03   0.316413E+04
   0.753832E-03   0.322429E+04
   0.769061E-03   0.328554E+04
   0.784597E-03   0.334791E+04
   0.800447E-03   0.341141E+04
   0.816617E-03   0.347605E+04
   0.833114E-03   0.354186E+04
   0.849944E-03   0.360886E+04
   0.867114E-03   0.367706E+04
   0.884631E-03   0.374648E+04
   0.902501E-03   0.381714E+04
   0.920733E-03   0.388906E+04
   0.939333E-03   0.396226E+04
   0.958309E-03   0.403675E+04
   0.977668E-03   0.411256E+04
   0.997418E-03   0.418971E+04
   0.101757E-02   0.426822E+04
   0.103812E-02   0.434810E+04
   0.105910E-02   0.442937E+04
   0.108049E-02   0.451206E+04
   0.110232E-02   0.459618E+04
   0.112459E-02   0.468176E+04
   0.114730E-02   0.476881E+04
   0.117048E-02   0.485736E+04
   0.119413E-02   0.494742E+04
   0.121825E-02   0.503901E+04
   0.124286E-02   0.513216E+04
   0.126797E-02   0.522688E+04
   0.129358E-02   0.532319E+04
   0.131971E-02   0.542112E+04
   0.134637E-02   0.552068E+04
   0.137357E-02   0.562190E+04
   0.140132E-02   0.572478E+04
   0.142963E-02   0.582936E+04
   0.145851E-02   0.593565E+04
   0.148797E-02   0.604367E+04
   0.151803E-02   0.615343E+04
   0.154870E-02   0.626497E+04
   0.157998E-02   0.637829E+04
   0.161190E-02   0.649342E+04
   0.164446E-02   0.661036E+04
   0.167768E-02   0.672915E+04
   0.171158E-02   0.684979E+04
   0.174615E-02   0.697231E+04
   0.178143E-02   0.709671E+04
   0.181741E-02   0.722302E+04
   0.185413E-02   0.735125E+04
   0.189158E-02   0.748142E+04
   0.192980E-02   0.761354E+04
   0.196878E-02   0.774762E+04
   0.200855E-02   0.788367E+04
   0.204913E-02   0.802172E+04
   0.209052E-02   0.816176E+04
   0.213276E-02   0.830381E+04
   0.217584E-02   0.844787E+04
   0.221979E-02   0.859397E+04
   0.226464E-02   0.874210E+04
   0.231039E-02   0.889228E+04
   0.235706E-02   0.904451E+04
   0.240467E-02   0.919881E+04
   0.245325E-02   0.935516E+04
   0.250281E-02   0.951359E+04
   0.255337E-02   0.967410E+04
   0.260495E-02   0.983668E+04
   0.265758E-02   0.100013E+05
   0.271126E-02   0.101681E+05
   0.276603E-02   0.103369E+05
   0.282191E-02   0.105078E+05
   0.287892E-02   0.106808E+05
   0.293708E-02   0.108558E+05
   0.299641E-02   0.110329E+05
   0.305694E-02   0.112119E+05
   0.311870E-02   0.113930E+05
   0.318170E-02   0.115760E+05
   0.324597E-02   0.117609E+05
   0.331155E-02   0.119478E+05
   0.337844E-02   0.121365E+05
   0.344669E-02   0.123271E+05
   0.351632E-02   0.125196E+05
   0.358735E-02   0.127140E+05
   0.365982E-02   0.129102E+05
   0.373376E-02   0.131084E+05
   0.380918E-02   0.133085E+05
   0.388613E-02   0.135104E+05
   0.396464E-02   0.137144E+05
   0.404473E-02   0.139202E+05
   0.412644E-02   0.141280E+05
   0.420980E-02   0.143376E+05
   0.429484E-02   0.145488E+05
   0.438160E-02   0.147614E+05
   0.447012E-02   0.149753E+05
   0.456042E-02   0.151901E+05
   0.465255E-02   0.154056E+05
   0.474653E-02   0.156216E+05
   0.484242E-02   0.158379E+05
   0.494024E-02   0.160540E+05
   0.504004E-02   0.162699E+05
   0.514186E-02   0.164854E+05
   0.524573E-02   0.167006E+05
   0.535170E-02   0.169158E+05
   0.545981E-02   0.171310E+05
   0.557011E-02   0.173463E+05
   0.568263E-02   0.175620E+05
   0.579743E-02   0.177783E+05
   0.591455E-02   0.179952E+05
   0.603403E-02   0.182131E+05
   0.615592E-02   0.184320E+05
   0.628028E-02   0.186519E+05
   0.640715E-02   0.188726E+05
   0.653658E-02   0.190937E+05
   0.666863E-02   0.193149E+05
   0.680335E-02   0.195361E+05
   0.694078E-02   0.197568E+05
   0.708100E-02   0.199768E+05
   0.722404E-02   0.201957E+05
   0.736998E-02   0.204132E+05
   0.751886E-02   0.206288E+05
   0.767075E-02   0.208425E+05
   0.782571E-02   0.210540E+05
   0.798380E-02   0.212632E+05
   0.814509E-02   0.214700E+05
   0.830963E-02   0.216741E+05
   0.847750E-02   0.218754E+05
   0.864875E-02   0.220738E+05
   0.882347E-02   0.222691E+05
   0.900171E-02   0.224611E+05
   0.918356E-02   0.226496E+05
   0.936908E-02   0.228346E+05
   0.955835E-02   0.230156E+05
   0.975144E-02   0.231926E+05
   0.994843E-02   0.233653E+05
   0.101494E-01   0.235334E+05
   0.103544E-01   0.236967E+05
   0.105636E-01   0.238550E+05
   0.107770E-01   0.240081E+05
   0.109947E-01   0.241557E+05
   0.112168E-01   0.242975E+05
   0.114434E-01   0.244333E+05
   0.116746E-01   0.245626E+05
   0.119104E-01   0.246850E+05
   0.121510E-01   0.248001E+05
   0.123965E-01   0.249075E+05
   0.126469E-01   0.250068E+05
   0.129024E-01   0.250975E+05
   0.131631E-01   0.251794E+05
   0.134290E-01   0.252519E+05
   0.137003E-01   0.253147E+05
   0.139770E-01   0.253678E+05
   0.142594E-01   0.254113E+05
   0.145474E-01   0.254455E+05
   0.148413E-01   0.254706E+05
   0.151411E-01   0.254868E+05
   0.154470E-01   0.254943E+05
   0.157590E-01   0.254933E+05
   0.160774E-01   0.254842E+05
   0.164022E-01   0.254671E+05
   0.167335E-01   0.254423E+05
   0.170716E-01   0.254092E+05
   0.174164E-01   0.253668E+05
   0.177683E-01   0.253141E+05
   0.181272E-01   0.252501E+05
   0.184934E-01   0.251738E+05
   0.188670E-01   0.250844E+05
   0.192481E-01   0.249810E+05
   0.196370E-01   0.248627E+05
   0.200337E-01   0.247287E+05
   0.204384E-01   0.245783E+05
   0.208513E-01   0.244117E+05
   0.212725E-01   0.242296E+05
   0.217022E-01   0.240329E+05
   0.221406E-01   0.238222E+05
   0.225879E-01   0.235984E+05
   0.230442E-01   0.233623E+05
   0.235097E-01   0.231146E+05
   0.239847E-01   0.228561E+05
   0.244692E-01   0.225877E+05
   0.249635E-01   0.223100E+05
   0.254678E-01   0.220242E+05
   0.259823E-01   0.217314E+05
   0.265072E-01   0.214325E+05
   0.270426E-01   0.211287E+05
   0.275889E-01   0.208209E+05
   0.281463E-01   0.205101E+05
   0.287149E-01   0.201972E+05
   0.292949E-01   0.198831E+05
   0.298867E-01   0.195687E+05
   0.304905E-01   0.192545E+05
   0.311064E-01   0.189407E+05
   0.317348E-01   0.186267E+05
   0.323759E-01   0.183121E+05
   0.330299E-01   0.179964E+05
   0.336972E-01   0.176794E+05
   0.343779E-01   0.173606E+05
   0.350724E-01   0.170397E+05
   0.357809E-01   0.167166E+05
   0.365038E-01   0.163911E+05
   0.372412E-01   0.160630E+05
   0.379935E-01   0.157342E+05
   0.387610E-01   0.154073E+05
   0.395440E-01   0.150847E+05
   0.403429E-01   0.147687E+05
   0.411579E-01   0.144614E+05
   0.419893E-01   0.141646E+05
   0.428375E-01   0.138801E+05
   0.437029E-01   0.136094E+05
   0.445858E-01   0.133539E+05
   0.454865E-01   0.131149E+05
   0.464053E-01   0.128916E+05
   0.473428E-01   0.126822E+05
   0.482992E-01   0.124850E+05
   0.492749E-01   0.122986E+05
   0.502703E-01   0.121213E+05
   0.512858E-01   0.119519E+05
   0.523219E-01   0.117891E+05
   0.533789E-01   0.116315E+05
   0.544572E-01   0.114780E+05
   0.555573E-01   0.113275E+05
   0.566796E-01   0.111787E+05
   0.578246E-01   0.110301E+05
   0.589927E-01   0.108806E+05
   0.601845E-01   0.107288E+05
   0.614003E-01   0.105736E+05
   0.626407E-01   0.104139E+05
   0.639061E-01   0.102488E+05
   0.651971E-01   0.100772E+05
   0.665142E-01   0.989850E+04
   0.678578E-01   0.971188E+04
   0.692287E-01   0.951711E+04
   0.706272E-01   0.931421E+04
   0.720539E-01   0.910326E+04
   0.735095E-01   0.888442E+04
   0.749945E-01   0.865792E+04
   0.765095E-01   0.842406E+04
   0.780551E-01   0.818322E+04
   0.796319E-01   0.793584E+04
   0.812406E-01   0.768243E+04
   0.828817E-01   0.742379E+04
   0.845561E-01   0.716330E+04
   0.862642E-01   0.690545E+04
   0.880068E-01   0.665423E+04
   0.897847E-01   0.641303E+04
   0.915985E-01   0.618475E+04
   0.934489E-01   0.597185E+04
   0.953367E-01   0.577640E+04
   0.972626E-01   0.560017E+04
   0.992274E-01   0.544471E+04
   0.101232E+00   0.531109E+04
   0.103277E+00   0.519668E+04
   0.105363E+00   0.509695E+04
   0.107492E+00   0.500773E+04
   0.109663E+00   0.492520E+04
   0.111879E+00   0.484578E+04
   0.114139E+00   0.476612E+04
   0.116445E+00   0.468310E+04
   0.118797E+00   0.459383E+04
   0.121197E+00   0.449565E+04
   0.123645E+00   0.438653E+04
   0.126143E+00   0.426775E+04
   0.128691E+00   0.414245E+04
   0.131291E+00   0.401355E+04
   0.133943E+00   0.388370E+04
   0.136649E+00   0.375528E+04
   0.139409E+00   0.363036E+04
   0.142226E+00   0.351076E+04
   0.145099E+00   0.339806E+04
   0.148030E+00   0.329360E+04
   0.151020E+00   0.319841E+04
   0.154071E+00   0.311174E+04
   0.157184E+00   0.303193E+04
   0.160359E+00   0.295748E+04
   0.163598E+00   0.288704E+04
   0.166903E+00   0.281936E+04
   0.170275E+00   0.275330E+04
   0.173715E+00   0.268783E+04
   0.177224E+00   0.262202E+04
   0.180804E+00   0.255503E+04
   0.184457E+00   0.248620E+04
   0.188183E+00   0.241589E+04
   0.191985E+00   0.234501E+04
   0.195863E+00   0.227441E+04
   0.199820E+00   0.220483E+04
   0.203856E+00   0.213694E+04
   0.207974E+00   0.207131E+04
   0.212176E+00   0.200846E+04
   0.216462E+00   0.194882E+04
   0.220835E+00   0.189278E+04
   0.225296E+00   0.184062E+04
   0.229847E+00   0.179211E+04
   0.234490E+00   0.174672E+04
   0.239227E+00   0.170400E+04
   0.244060E+00   0.166352E+04
   0.248990E+00   0.162488E+04
   0.254020E+00   0.158774E+04
   0.259152E+00   0.155175E+04
   0.264387E+00   0.151661E+04
   0.269728E+00   0.148206E+04
   0.275177E+00   0.144786E+04
   0.280736E+00   0.141398E+04
   0.286407E+00   0.138053E+04
   0.292193E+00   0.134760E+04
   0.298096E+00   0.131529E+04
   0.304118E+00   0.128366E+04
   0.310261E+00   0.125279E+04
   0.316529E+00   0.122274E+04
   0.322923E+00   0.119356E+04
   0.329447E+00   0.116530E+04
   0.336102E+00   0.113799E+04
   0.342892E+00   0.111163E+04
   0.349819E+00   0.108617E+04
   0.356885E+00   0.106156E+04
   0.364095E+00   0.103776E+04
   0.371450E+00   0.101473E+04
   0.378954E+00   0.992444E+03
   0.386609E+00   0.970859E+03
   0.394419E+00   0.949945E+03
   0.402387E+00   0.929669E+03
   0.410516E+00   0.910001E+03
   0.418809E+00   0.890916E+03
   0.427269E+00   0.872386E+03
   0.435901E+00   0.854388E+03
   0.444706E+00   0.836898E+03
   0.453690E+00   0.819895E+03
   0.462855E+00   0.803356E+03
   0.472206E+00   0.787263E+03
   0.481745E+00   0.771595E+03
   0.491477E+00   0.756335E+03
   0.501405E+00   0.741465E+03
   0.511534E+00   0.726971E+03
   0.521868E+00   0.712837E+03
   0.532411E+00   0.699053E+03
   0.543166E+00   0.685603E+03
   0.554139E+00   0.672477E+03
   0.565333E+00   0.659664E+03
   0.576753E+00   0.647150E+03
   0.588404E+00   0.634927E+03
   0.600291E+00   0.622984E+03
   0.612418E+00   0.611310E+03
   0.624789E+00   0.599896E+03
   0.637411E+00   0.588729E+03
   0.650288E+00   0.577799E+03
   0.663424E+00   0.567095E+03
   0.676826E+00   0.556609E+03
   0.690499E+00   0.546329E+03
   0.704448E+00   0.536249E+03
   0.718679E+00   0.526359E+03
   0.733197E+00   0.516651E+03
   0.748009E+00   0.507118E+03
   0.763119E+00   0.497752E+03
   0.778536E+00   0.488548E+03
   0.794263E+00   0.479499E+03
   0.810308E+00   0.470600E+03
   0.826677E+00   0.461845E+03
   0.843378E+00   0.453229E+03
   0.860415E+00   0.444746E+03
   0.877797E+00   0.436393E+03
   0.895529E+00   0.428165E+03
   0.913620E+00   0.420057E+03
   0.932076E+00   0.412066E+03
   0.950906E+00   0.404188E+03
   0.970115E+00   0.396419E+03
   0.989713E+00   0.388757E+03
   0.100971E+01   0.381199E+03
   0.103010E+01   0.373740E+03
   0.105091E+01   0.366380E+03
   0.107214E+01   0.359115E+03
   0.109380E+01   0.351943E+03
   0.111590E+01   0.344862E+03
   0.113844E+01   0.337870E+03
   0.116144E+01   0.330965E+03
   0.118490E+01   0.324146E+03
   0.120884E+01   0.317412E+03
   0.123326E+01   0.310761E+03
   0.125817E+01   0.304192E+03
   0.128359E+01   0.297705E+03
   0.130952E+01   0.291298E+03
   0.133597E+01   0.284970E+03
   0.136296E+01   0.278720E+03
   0.139049E+01   0.272549E+03
   0.141858E+01   0.266455E+03
   0.144724E+01   0.260439E+03
   0.147648E+01   0.254500E+03
   0.150630E+01   0.248639E+03
   0.153673E+01   0.242854E+03
   0.156778E+01   0.237147E+03
   0.159945E+01   0.231516E+03
   0.163176E+01   0.225962E+03
   0.166472E+01   0.220485E+03
   0.169835E+01   0.215084E+03
   0.173266E+01   0.209761E+03
   0.176766E+01   0.204516E+03
   0.180337E+01   0.199349E+03
   0.183980E+01   0.194261E+03
   0.187697E+01   0.189251E+03
   0.191489E+01   0.184320E+03
   0.195357E+01   0.179469E+03
   0.199304E+01   0.174696E+03
   0.203330E+01   0.170004E+03
   0.207437E+01   0.165391E+03
   0.211628E+01   0.160858E+03
   0.215903E+01   0.156407E+03
   0.220265E+01   0.152036E+03
   0.224714E+01   0.147746E+03
   0.229254E+01   0.143538E+03
   0.233885E+01   0.139412E+03
   0.238610E+01   0.135366E+03
   0.243430E+01   0.131402E+03
   0.248348E+01   0.127520E+03
   0.253365E+01   0.123718E+03
   0.258483E+01   0.119997E+03
   0.263705E+01   0.116357E+03
   0.269032E+01   0.112798E+03
   0.274466E+01   0.109319E+03
   0.280011E+01   0.105919E+03
   0.285668E+01   0.102599E+03
   0.291439E+01   0.993582E+02
   0.297326E+01   0.961951E+02
   0.303332E+01   0.931094E+02
   0.309460E+01   0.901005E+02
   0.315712E+01   0.871676E+02
   0.322090E+01   0.843098E+02
   0.328596E+01   0.815265E+02
   0.335234E+01   0.788166E+02
   0.342006E+01   0.761791E+02
   0.348916E+01   0.736132E+02
   0.355964E+01   0.711177E+02
   0.363155E+01   0.686916E+02
   0.370491E+01   0.663338E+02
   0.377976E+01   0.640432E+02
   0.385611E+01   0.618186E+02
   0.393401E+01   0.596589E+02
   0.401348E+01   0.575628E+02
   0.409456E+01   0.555292E+02
   0.417727E+01   0.535567E+02
   0.426166E+01   0.516443E+02
   0.434775E+01   0.497906E+02
   0.443558E+01   0.479944E+02
   0.452519E+01   0.462545E+02
   0.461660E+01   0.445695E+02
   0.470987E+01   0.429382E+02
   0.480501E+01   0.413593E+02
   0.490208E+01   0.398316E+02
   0.500111E+01   0.383539E+02
   0.510214E+01   0.369249E+02
   0.520521E+01   0.355432E+02
   0.531036E+01   0.342079E+02
   0.541763E+01   0.329175E+02
   0.552708E+01   0.316709E+02
   0.563873E+01   0.304670E+02
   0.575264E+01   0.293045E+02
   0.586885E+01   0.281822E+02
   0.598741E+01   0.270991E+02
   0.610836E+01   0.260540E+02
   0.623176E+01   0.250458E+02
   0.635765E+01   0.240733E+02
   0.648609E+01   0.231356E+02
   0.661711E+01   0.222316E+02
   0.675079E+01   0.213602E+02
   0.688716E+01   0.205205E+02
   0.702629E+01   0.197114E+02
   0.716823E+01   0.189320E+02
   0.731304E+01   0.181813E+02
   0.746077E+01   0.174584E+02
   0.761149E+01   0.167624E+02
   0.776525E+01   0.160924E+02
   0.792212E+01   0.154476E+02
   0.808217E+01   0.148271E+02
   0.824543E+01   0.142300E+02
   0.841200E+01   0.136557E+02
   0.858193E+01   0.131033E+02
   0.875530E+01   0.125721E+02
   0.893217E+01   0.120612E+02
   0.911261E+01   0.115701E+02
   0.929670E+01   0.110981E+02
   0.948451E+01   0.106443E+02
   0.967610E+01   0.102083E+02
   0.987158E+01   0.978930E+01
   0.100710E+02   0.938677E+01
   0.102744E+02   0.900009E+01
   0.104820E+02   0.862868E+01
   0.106938E+02   0.827198E+01
   0.109098E+02   0.792945E+01
   0.111302E+02   0.760056E+01
   0.113550E+02   0.728481E+01
   0.115844E+02   0.698170E+01
   0.118184E+02   0.669076E+01
   0.120572E+02   0.641153E+01
   0.123007E+02   0.614357E+01
   0.125492E+02   0.588645E+01
   0.128027E+02   0.563975E+01
   0.130614E+02   0.540307E+01
   0.133252E+02   0.517603E+01
   0.135944E+02   0.495825E+01
   0.138691E+02   0.474938E+01
   0.141492E+02   0.454906E+01
   0.144351E+02   0.435697E+01
   0.147267E+02   0.417278E+01
   0.150242E+02   0.399618E+01
   0.153277E+02   0.382687E+01
   0.156373E+02   0.366456E+01
   0.159532E+02   0.350897E+01
   0.162755E+02   0.335984E+01
   0.166043E+02   0.321691E+01
   0.169397E+02   0.307993E+01
   0.172819E+02   0.294866E+01
   0.176310E+02   0.282287E+01
   0.179872E+02   0.270234E+01
   0.183505E+02   0.258685E+01
   0.187212E+02   0.247621E+01
   0.190994E+02   0.237022E+01
   0.194853E+02   0.226868E+01
   0.198789E+02   0.217142E+01
   0.202805E+02   0.207825E+01
   0.206902E+02   0.198902E+01
   0.211081E+02   0.190356E+01
   0.215346E+02   0.182171E+01
   0.219696E+02   0.174333E+01
   0.224134E+02   0.166827E+01
   0.228662E+02   0.159640E+01
   0.233281E+02   0.152758E+01
   0.237994E+02   0.146168E+01
   0.242802E+02   0.139859E+01
   0.247707E+02   0.133819E+01
   0.252710E+02   0.128037E+01
   0.257816E+02   0.122501E+01
   0.263024E+02   0.117202E+01
   0.268337E+02   0.112129E+01
   0.273758E+02   0.107274E+01
   0.279288E+02   0.102626E+01
   0.284930E+02   0.981776E+00
   0.290686E+02   0.939201E+00
   0.296558E+02   0.898453E+00
   0.302549E+02   0.859455E+00
   0.308661E+02   0.822134E+00
   0.314897E+02   0.786418E+00
   0.321258E+02   0.752240E+00
   0.327748E+02   0.719534E+00
   0.334369E+02   0.688237E+00
   0.341123E+02   0.658291E+00
   0.348014E+02   0.629637E+00
   0.355045E+02   0.602220E+00
   0.362217E+02   0.575988E+00
   0.369535E+02   0.550890E+00
   0.377000E+02   0.526877E+00
   0.384616E+02   0.503904E+00
   0.392386E+02   0.481925E+00
   0.400312E+02   0.460899E+00
   0.408399E+02   0.440783E+00
   0.416649E+02   0.421540E+00
   0.425066E+02   0.403132E+00
   0.433653E+02   0.385523E+00
   0.442413E+02   0.368678E+00
   0.451350E+02   0.352565E+00
   0.460469E+02   0.337153E+00
   0.469770E+02   0.322410E+00
   0.479261E+02   0.308309E+00
   0.488942E+02   0.294821E+00
   0.498820E+02   0.281920E+00
   0.508896E+02   0.269581E+00
   0.519177E+02   0.257780E+00
   0.529665E+02   0.246492E+00
   0.540365E+02   0.235697E+00
   0.551281E+02   0.225372E+00
   0.562417E+02   0.215498E+00
   0.573779E+02   0.206054E+00
   0.585370E+02   0.197023E+00
   0.597195E+02   0.188385E+00
   0.609260E+02   0.180125E+00
   0.621568E+02   0.172226E+00
   0.634124E+02   0.164672E+00
   0.646934E+02   0.157448E+00
   0.660003E+02   0.150540E+00
   0.673336E+02   0.143934E+00
   0.686938E+02   0.137617E+00
   0.700816E+02   0.131576E+00
   0.714973E+02   0.125799E+00
   0.729416E+02   0.120276E+00
   0.744151E+02   0.114994E+00
   0.759184E+02   0.109944E+00
   0.774521E+02   0.105114E+00
   0.790167E+02   0.100497E+00
   0.806129E+02   0.960811E-01
   0.822415E+02   0.918591E-01
   0.839028E+02   0.878221E-01
   0.855978E+02   0.839621E-01
   0.873269E+02   0.802712E-01
   0.890911E+02   0.767421E-01
   0.908908E+02   0.733678E-01
   0.927270E+02   0.701414E-01
   0.946001E+02   0.670567E-01
   0.965112E+02   0.641073E-01
   0.984608E+02   0.612874E-01
   0.100450E+03   0.585913E-01
   0.102479E+03   0.560137E-01
   0.104549E+03   0.535495E-01
   0.106661E+03   0.511935E-01
   0.108816E+03   0.489412E-01
